0.093503
0.090213
0.085342
0.081340
0.092213
0.099794
0.095429
0.098696
0.103238
0.118144
0.103501
0.099588
0.096922
0.093734
0.101417
0.076535
0.088661
0.096334
0.115773
0.099169
0.100000
0.084842
0.092328
0.092081
0.085915
0.101530
0.099714
0.096359
0.113801
0.079610
0.092626
0.088182
0.087116
0.088945
0.089753
0.085491
0.099753
0.096554
0.098223
0.095931
0.091292
0.094219
0.092476
0.102383
0.102787
0.089289
0.096241
0.100000
0.109943
0.099100
0.071963
0.091436
0.097420
0.088694
0.090478
0.099289
0.086408
0.099462
0.091571
0.082910
0.111166
0.100000
0.082167
0.105783
0.065255
0.090313
0.096018
0.092911
0.118174
0.096209
0.101113
0.096877
0.102347
0.073774
0.097071
0.092050
0.105823
0.116383
0.098204
0.093551
0.096999
0.091764
0.101476
0.096481
0.095844
0.101123
0.114881
0.098167
0.076290
0.107249
0.113889
0.113677
0.083806
0.098803
0.132916
0.103765
0.083147
0.071293
0.087205
0.082323
0.092951
0.092294
0.095213
0.077985
0.093550
0.089569
0.098842
0.085843
0.097614
0.087876
0.129083
0.087848
0.100000
0.090988
0.096949
0.075432
0.100340
0.118263
0.100988
0.099278
0.100228
0.084691
0.104415
0.095427
0.096449
0.097996
0.101475
0.093883
