0.101967
0.100000
0.091376
0.093000
0.100000
0.098130
0.102379
0.102129
0.100011
0.103802
0.106985
0.100000
0.099112
0.111608
0.114864
0.094181
0.127431
0.095917
0.074944
0.100000
0.146066
0.092972
0.100068
0.100000
0.101380
0.085002
0.100000
0.094784
0.101991
0.106680
0.100000
0.101912
0.098855
0.091430
0.092515
0.078384
0.075976
0.119251
0.091655
0.100000
0.080164
0.096874
0.104644
0.100000
0.096334
0.099994
0.098763
0.106488
0.096469
0.100001
0.099643
0.099811
0.097829
0.108014
0.111708
0.100000
0.100000
0.100000
0.099342
0.100000
0.100000
0.090172
0.087060
0.114794
0.100000
0.099783
0.100000
0.093369
0.074610
0.093233
0.100000
0.106084
0.099887
0.089668
0.100000
0.099990
0.100493
0.100117
0.100000
0.099674
0.091158
0.115018
0.105232
0.100000
0.105666
0.100000
0.117814
0.100000
0.100000
0.126660
0.093639
0.097934
0.100000
0.100000
0.099244
0.100000
0.089884
0.098916
0.100177
0.089488
0.142408
0.107227
0.087910
0.100000
0.100000
0.097691
0.099861
0.102371
0.100000
0.103916
0.100000
0.090666
0.111126
0.092293
0.099908
0.084350
0.088920
0.116997
0.101607
0.080846
0.093117
0.100000
0.112736
0.097688
0.101954
0.100000
0.097811
0.126679
