0.100173
0.103183
0.100711
0.101698
0.099603
0.101291
0.097900
0.102340
0.099215
0.100052
0.104174
0.102598
0.099970
0.100700
0.100955
0.098286
0.101528
0.102289
0.099105
0.100678
0.099112
0.097704
0.098697
0.101511
0.099247
0.101904
0.097844
0.099315
0.099658
0.097543
0.098133
0.098209
0.097672
0.100782
0.101519
0.100043
0.104572
0.098473
0.095750
0.096243
0.102258
0.100913
0.101971
0.101309
0.100468
0.098215
0.096106
0.102865
0.096261
0.095179
0.099280
0.101971
0.101392
0.100047
0.101549
0.100510
0.102580
0.101409
0.099948
0.097851
0.099491
0.100633
0.100046
0.102040
0.100613
0.101332
0.099671
0.096486
0.100702
0.100570
0.100618
0.100631
0.096973
0.101308
0.101990
0.099507
0.100018
0.098671
0.101671
0.101274
0.099788
0.099958
0.099631
0.099109
0.099032
0.098288
0.101082
0.100251
0.097491
0.097975
0.099096
0.099140
0.098304
0.101138
0.100239
0.102019
0.101328
0.102636
0.098944
0.102964
0.095927
0.100291
0.100681
0.096602
0.101668
0.100090
0.096595
0.099162
0.100212
0.098711
0.100226
0.103341
0.097054
0.099769
0.097642
0.098963
0.097878
0.100011
0.097532
0.100941
0.102684
0.098566
0.098783
0.099847
0.099855
0.099551
0.097743
0.097230
