0.099607
0.090601
0.088879
0.096127
0.104547
0.096064
0.107486
0.089770
0.109615
0.089027
0.110956
0.091888
0.094237
0.092969
0.095403
0.101418
0.099275
0.102387
0.098951
0.098287
0.111467
0.094204
0.111321
0.094196
0.094855
0.090878
0.104888
0.102950
0.104783
0.102062
0.100578
0.106131
0.094369
0.093499
0.095702
0.096802
0.089153
0.098775
0.098536
0.101442
0.107167
0.083161
0.107800
0.108483
0.095110
0.084253
0.111458
0.102448
0.111406
0.100719
0.101228
0.094283
0.084490
0.105037
0.095907
0.100085
0.090368
0.097721
0.105078
0.084966
0.091498
0.099249
0.121247
0.101921
0.089442
0.091883
0.083564
0.107147
0.101532
0.102383
0.097788
0.102546
0.110436
0.107017
0.087966
0.105141
0.088990
0.106534
0.099284
0.098283
0.095035
0.099957
0.116955
0.084301
0.094363
0.105917
0.099031
0.115952
0.096267
0.099472
0.099234
0.103811
0.103903
0.097804
0.110556
0.086930
0.087341
0.094099
0.103356
0.097792
0.095443
0.099034
0.104140
0.102879
0.089924
0.099371
0.088351
0.100498
0.109185
0.102125
0.094972
0.085874
0.111060
0.102674
0.093816
0.098691
0.099982
0.108613
0.104624
0.102938
0.099939
0.107907
0.102772
0.110985
0.102804
0.099771
0.101125
0.100355
