0.093147
0.044847
-0.009836
0.100000
0.070825
-0.006395
0.068176
0.048518
0.100000
0.094973
0.139942
0.084679
-0.021125
-0.104247
0.061428
0.100000
0.100000
0.011641
0.024486
0.079662
-0.002068
0.110788
0.100000
0.066039
0.100000
0.020261
0.099219
0.055065
0.132764
0.119086
0.114859
0.113645
0.082369
0.022622
-0.067194
0.082099
0.042092
0.047215
0.112886
0.087331
0.160043
0.145354
0.042778
0.088809
-0.002172
0.124831
0.155504
0.094264
0.069431
0.034819
0.048491
0.100000
0.098620
0.113354
-0.036581
0.020858
0.101818
0.071751
-0.000367
0.088610
0.100000
0.052120
0.095996
0.100000
0.097345
0.075611
-0.075012
0.035011
-0.026153
0.090442
0.093609
0.060815
0.101743
0.035872
0.083089
0.065250
0.122045
0.130338
0.128791
0.007767
0.105927
0.049236
0.018714
0.060283
0.090400
0.100000
0.077943
0.114302
0.125518
0.037214
0.050411
0.100000
0.079535
0.056050
0.100000
0.100000
0.065932
0.100139
0.097429
0.057475
0.105688
0.091683
0.100000
0.126432
-0.061676
-0.006556
0.127382
0.109913
0.045986
0.033306
0.087017
0.100664
-0.006298
0.100000
0.054049
0.100000
0.001157
-0.095304
0.029483
0.042995
0.100000
0.088038
0.117976
0.103841
0.100000
0.047442
0.027746
0.069491
0.083576
0.100000
0.100000
0.100000
0.100000
0.100000
0.090575
0.101953
0.069260
0.062015
0.123100
0.095516
0.115221
0.070227
0.126971
0.064755
-0.029630
0.066809
0.079402
0.133402
-0.048495
0.086130
0.049303
0.096737
0.160566
0.025893
0.099569
0.061122
0.080399
0.076786
0.100000
0.142809
0.048059
0.049563
0.127515
0.017452
0.106229
0.029736
-0.048461
0.100000
0.054793
0.086814
0.062514
0.067796
0.107871
0.023326
-0.093545
0.099669
0.079860
0.168162
0.132523
0.031340
0.081092
0.125423
-0.042997
0.082407
0.100000
0.100000
0.086984
0.093650
0.147263
0.100000
-0.018057
-0.041697
0.157481
0.100000
0.100000
0.110862
0.082468
0.088936
0.071603
0.100000
0.126050
0.036993
0.100000
0.066892
0.127659
0.095129
0.100000
0.029418
0.039504
0.146591
-0.077202
0.100000
0.041817
0.100000
0.008382
0.125527
0.100000
0.051660
0.076319
0.100000
0.090206
0.100000
0.100000
0.100000
0.093368
0.014882
0.100000
0.117802
0.038033
-0.018860
0.116430
0.113828
0.169129
0.064557
0.115417
0.095137
0.078950
0.050705
0.100000
0.100000
0.058324
0.105500
0.100000
0.071518
0.100000
-0.161843
0.102977
-0.064487
0.074684
0.100000
0.039002
-0.085049
0.035607
0.072501
0.084475
-0.020129
