0.293268 0.722106 0.475475 0.211713
0.075855 -0.235313 -0.674422 0.361753
0.873620 0.188490 -0.024229 0.176222
0.907259 866.981582 853.184946 941.311884
0.420199 0.455536 0.041999 0.858977
0.635799 0.022023 -0.080944 0.572219
0.587172 -0.346249 -0.071079 0.726390
0.189168 -0.571097 -0.533293 0.170251
0.575184 418.196774 415.653071 463.124063
0.470401 0.214900 -0.322729 0.423361
0.705923 0.443253 0.078946 0.035440
0.171817 -0.309273 -0.675018 0.154635
0.680258 -0.034420 -0.299126 0.103261
0.000000 -0.675041 -0.725193 0.000000
0.631873 0.326336 -0.092982 0.568686
0.614768 0.512150 0.136357 0.553291
0.091268 0.696732 0.278112 0.838448
0.027809 -0.125196 -0.509533 0.025037
0.252825 -0.248392 0.115816 0.203686
0.696878 0.621968 0.532723 0.627191
0.000000 -0.696744 -0.524886 0.000000
0.916849 0.695551 0.281756 0.825164
0.498022 -0.026140 0.364988 0.566600
0.000000 -0.047366 -0.214242 0.000000
0.549994 9.345204 9.200950 11.008821
0.000003 -0.277481 -0.252371 0.000002
0.749808 0.264260 0.623339 0.674827
0.000000 -0.554060 -0.239499 0.000000
0.316621 0.229469 -0.369218 0.102250
0.000000 -0.235185 -0.152270 0.000000
0.765119 0.172732 0.202200 0.422544
0.000000 -0.036198 -0.392613 0.000000
0.107703 0.085339 -0.154579 0.096933
0.364198 0.308907 -0.048107 0.327778
0.000000 -0.622386 -0.102097 0.000000
0.000126 -0.102820 -0.183032 0.000114
0.535726 0.393739 0.344418 0.253246
0.000000 -0.110942 -0.000035 0.000000
0.001475 -0.007586 -0.046648 0.001583
0.000000 -0.067419 0.000000 0.000000
0.758713 0.079391 0.592908 0.575103
0.000000 -0.033270 -0.047428 -0.000007
0.206617 0.075321 0.527674 0.253222
0.000000 -0.131014 0.000000 0.000000
0.000002 -0.043264 0.000002 0.000002
0.218824 0.104450 0.197409 0.196941
0.760090 0.486778 0.336521 0.161636
0.000000 -0.208648 0.000000 0.000000
999.996489 0.519806 924.276646 0.679054
0.000000 -0.147640 -0.178232 0.000000
0.507202 0.345315 0.456640 0.456482
0.000000 -0.006053 -0.005240 0.000000
0.550197 0.193760 0.876339 0.270053
0.000000 -0.018165 0.000000 0.000000
0.609230 0.511116 0.548306 0.548307
0.000000 -0.071587 -0.072986 0.000000
0.018592 0.006851 -0.085573 0.016759
0.000776 -0.122324 0.000708 0.000705
0.549615 0.749052 0.265037 0.450634
0.000000 -0.070299 0.000000 0.000000
0.754441 0.350985 0.058743 0.691770
-0.052503 -0.051523 -0.057082 0.000000
0.000000 -0.010051 -0.034266 0.000000
178.632320 170.983219 161.270038 178.641987
0.000180 -0.019844 -0.046576 0.000199
-0.787135 -0.193778 0.000000 0.000000
0.347937 0.903293 0.496913 0.769823
-0.060975 -0.101629 0.000000 0.000000
0.155945 -0.098127 0.141695 0.140350
-0.008470 -0.071534 -0.018704 0.000000
0.118597 0.893526 0.784503 0.798866
-0.254448 -0.150566 0.000000 -0.007185
0.660436 0.555158 0.196572 0.642275
0.846475 0.293398 0.630087 0.086405
0.000000 -0.000001 -0.001491 0.000000
0.000000 -0.102691 -0.107979 0.000000
0.000000 0.000000 -0.059363 0.000000
0.000000 -0.101825 -0.519936 -0.016679
0.897075 0.067733 0.807197 0.668823
0.000000 -0.015009 0.000000 0.000000
116.058653 104.291227 106.184098 110.853404
0.943370 0.869456 0.083672 0.191567
0.312841 0.053241 0.388684 0.173685
0.000000 -0.130856 -0.170082 -0.028289
0.000973 -0.123162 0.000954 0.000877
0.908997 0.061428 0.711454 0.463937
0.006418 -0.079099 0.005848 0.005892
0.000000 -0.000000 0.000000 0.000000
0.206648 0.224097 0.176047 0.868371
0.013659 0.009843 0.014870 0.013383
0.776364 0.505466 0.110707 0.862627
0.000001 -0.195655 0.000001 0.000001
-0.487147 -0.703247 -0.073808 0.000000
0.504846 0.407327 0.758502 0.636259
0.021705 -0.122747 -0.060936 0.019855
-0.182259 -0.440418 0.000000 0.000000
0.961990 0.424554 0.615080 0.197342
0.243544 0.243638 -0.184564 0.270604
-0.074218 -0.011550 0.000000 0.000000
20.321274 19.440499 19.142473 20.703519
0.340408 0.023689 0.999731 0.338134
-0.325534 -0.943397 0.000000 0.000000
0.231284 0.696605 0.179252 0.103797
0.000000 -0.020726 -0.000022 0.000000
-0.000000 -0.014298 -0.010477 0.000000
0.161737 0.682641 0.907475 0.074266
0.486855 0.819046 0.187243 0.523752
-0.072982 -0.356554 0.000023 -0.100025
0.879568 0.992525 0.731609 0.648829
0.000000 -0.000000 0.000000 0.000000
0.973896 0.343102 0.798944 0.060524
0.000000 -0.004673 -0.119773 0.000000
0.973742 0.253822 0.165090 0.649613
0.000000 -0.016921 -0.164257 -0.857410
0.000082 0.000041 0.000089 0.000083
0.000000 -0.283394 0.000000 0.000000
0.000000 0.000000 -0.257336 0.000000
0.837844 0.801747 0.512545 0.409085
0.052006 0.052299 -0.066934 0.057779
0.000000 -0.000009 0.000000 -0.000000
34.591403 32.953797 33.742023 33.599171
0.015202 0.120459 0.305251 0.482522
0.956099 0.867445 0.074572 0.523383
-0.927621 -0.173980 -0.100554 0.000000
0.000491 -0.120775 -0.072420 0.000459
0.000000 -0.000000 -0.355848 -0.000069
0.103156 0.074130 0.808325 0.464793
-0.199335 -0.000000 0.000000 0.000000
0.071356 0.595149 0.999079 0.415660
0.000000 -0.081000 -0.362456 0.000000
0.739147 0.435873 0.014124 0.540904
-0.178797 -0.180068 0.000000 0.000000
0.819166 0.819166 0.610077 0.910185
0.559160 0.518850 0.501701 0.807071
0.000000 0.000000 0.000000 0.000000
-0.000000 -0.000003 0.000000 0.000000
0.821484 0.312746 0.979433 0.363883
0.879155 0.321333 0.057354 0.790103
0.260208 0.354004 0.881680 0.316312
-0.000000 -0.035494 -0.132293 0.000000
0.759179 0.870799 0.873978 0.712653
0.974091 0.910631 0.553534 0.469108
0.000000 0.000000 -0.103527 0.000000
-0.071356 0.000000 0.000000 0.000000
0.010522 0.010087 0.011147 0.010032
0.739272 0.232792 0.921255 0.415497
0.341967 0.341967 -0.054001 0.379963
0.296449 0.154153 0.719528 0.685965
0.147912 0.291304 0.988974 0.018307
0.000000 -0.028330 -0.147791 -0.045877
0.827758 0.423702 0.960072 0.717022
0.000000 0.000000 -0.104304 0.000000
0.000002 0.000002 0.000002 0.000002
0.000000 0.000000 -0.350236 0.000000
-0.374445 -0.500900 -0.020732 0.000000
0.000000 -0.000000 -0.989704 -0.748862
0.703899 0.285833 0.626720 0.436961
0.201407 0.950847 0.129972 0.380364
0.154147 0.010216 0.807133 0.842157
-0.155177 -0.000000 0.000000 0.000000
0.119585 0.119597 0.093944 0.132873
0.122297 0.116264 0.115861 0.113057
0.757138 0.917086 0.921910 0.978839
0.002450 0.841379 0.923810 0.065334
-0.088541 -0.043938 0.000000 0.000000
0.097541 0.120571 0.930458 0.811024
0.701993 0.914553 0.027135 0.087207
0.000000 -0.000470 -0.471499 -0.088975
465.450004 80.483408 442.375140 0.520362
-0.530534 -0.000003 0.000000 0.000000
0.000000 0.000000 -0.038864 0.000000
0.624135 0.919127 0.806888 0.620649
0.446060 0.941433 0.780256 0.204821
0.746708 0.686674 0.688352 0.538127
-0.123031 -0.202494 -0.010863 0.000000
0.000000 0.000000 0.000000 0.000000
0.530069 0.223707 0.941972 0.436952
0.584826 0.987125 0.845602 0.135245
0.483241 0.134535 0.130680 0.786203
-0.002504 0.000000 0.000000 -0.059066
0.236587 0.203078 0.534031 0.907644
0.267318 0.267318 0.263932 0.297020
0.895795 0.782518 0.235474 0.991798
0.000000 0.000000 0.000000 0.000000
0.418556 0.877987 0.769170 0.514476
-4.314772 -4.363018 -4.410700 -4.343877
0.003131 0.003110 0.003312 0.003017
0.499594 0.381555 0.383877 0.489524
0.000000 0.000000 -0.073733 0.000000
0.000000 0.000000 -0.204542 0.000000
0.779785 0.189754 0.008128 0.805856
-0.012491 0.009993 0.011621 0.010468
0.649609 0.291224 0.926320 0.525708
0.174571 0.956355 0.299110 0.602083
0.000000 0.000000 -0.002116 0.000000
198.548226 200.353619 193.582816 210.713675
0.020402 0.557173 0.006564 0.356992
-0.002782 -0.000000 0.000000 0.000000
0.084682 0.098013 0.301193 0.515704
0.000000 0.000000 -0.000000 0.000000
0.728463 0.576376 0.050974 0.629621
0.571418 0.996574 0.311350 0.410855
0.142216 0.143300 0.063824 0.158018
0.175913 -0.546419 0.314680 0.195068
0.021410 0.536397 0.526783 0.265296
0.338593 0.119294 0.656486 0.766294
0.000000 0.000000 0.000000 0.000000
0.000000 0.000000 -0.122205 0.000000
0.000006 0.000006 -0.011895 0.000007
-0.000000 -0.100000 -0.254453 -0.059080
0.140078 0.814013 0.764498 0.424137
0.537872 0.577720 0.320879 0.245528
0.571481 0.444820 0.502012 0.169063
0.092723 0.897289 0.091692 0.479374
0.179339 0.005441 0.676682 0.631783
0.000000 0.000000 0.000000 0.000000
0.285016 0.285016 -0.209940 0.316684
0.785645 0.111319 0.251953 0.800054
0.882755 0.066709 0.026427 0.104888
0.000000 0.000000 0.000000 0.000000
0.000000 0.000000 -0.103831 0.000000
0.323887 0.606373 0.995315 0.354846
0.148884 0.733982 0.820436 0.207808
0.000000 0.000000 -0.259435 0.000000
60.404737 54.810252 51.902895 52.839567
0.647646 0.017049 0.599646 0.385267
0.805748 0.635367 0.228106 0.012374
0.000000 0.000000 -0.228939 -0.122904
0.689443 0.783800 0.880054 0.368742
0.001386 0.001436 0.001467 0.001326
0.000000 0.000000 -0.177637 0.000000
0.000000 0.000000 0.000000 0.000000
0.288852 0.707161 0.955612 0.390966
0.000000 0.000000 -0.675550 -0.227008
0.755952 0.904432 0.480828 0.523204
0.465155 0.564750 0.616262 0.521756
0.805323 0.639130 0.978867 0.464161
0.000000 0.000000 -0.281502 0.000000
0.197276 0.884364 0.387877 0.456403
0.000026 0.000026 0.000028 0.000025
0.260928 0.996838 0.818718 0.428069
0.000020 0.000020 0.000022 0.000020
0.000007 0.000008 0.000007 0.000007
0.726745 0.380572 0.844529 0.799750
0.487717 0.488544 0.148402 0.541908
0.390362 0.951908 0.096750 0.629421
0.450828 0.304673 0.362017 0.500920
0.435780 0.495994 0.449704 0.446394
0.911453 0.236528 0.180907 0.254930
0.000000 0.000000 -0.225411 0.000000
0.577997 0.740070 0.823775 0.781723
-0.000873 0.000000 -0.702021 -0.156413
0.039607 0.044007 0.039693 0.039607
0.114072 0.560720 0.526156 0.787059
0.003462 0.003470 0.003847 0.003462
3.263648 3.252271 3.612754 3.251487
0.735120 0.836259 0.507034 0.547026
0.046491 0.369591 0.370758 0.581789
0.561212 0.755259 0.738844 0.302993
0.000000 0.000000 -0.000280 0.000000
0.000134 0.000149 0.000135 0.000134
0.357122 0.667472 0.225078 0.410694
0.417997 0.919330 0.172827 0.642341
-0.000573 0.000000 0.000000 0.000000
0.530539 0.401877 0.365634 0.053040
0.000065 0.000072 -0.054047 0.000067
0.793480 0.243629 0.857080 0.149326
0.217768 0.941211 0.875353 0.684645
0.328835 0.902163 0.883717 0.334851
0.000000 0.000000 0.000000 0.000000
0.192315 0.208747 0.496359 0.271933
0.000001 0.000001 0.000001 0.000001
0.000594 0.000593 -0.120816 0.000659
0.091703 0.015999 0.630580 0.793293
0.000000 0.000000 -0.002254 0.000000
0.374877 0.358321 0.416530 0.269936
0.686682 0.559009 0.691354 0.557206
0.022532 0.907477 0.570417 0.057293
-0.155706 0.000175 -0.498985 0.000176
0.000000 0.000000 0.000000 0.000000
0.081801 0.060115 0.399444 0.124638
0.318570 0.357130 0.924103 0.396717
0.519420 0.227550 0.837823 0.661530
0.919799 0.365248 0.382044 0.522710
0.135242 0.149044 0.133479 0.137249
0.000000 0.000000 -0.000000 0.000000
0.666609 0.248381 0.945883 0.826819
-0.003420 0.012233 0.011318 0.011009
31.170941 25.370781 30.473844 30.477875
0.009435 0.009474 0.010104 0.009325
0.914474 0.471293 0.602835 0.484400
0.562467 0.219521 0.515999 0.153639
0.664126 0.409103 0.982018 0.570917
0.000000 0.000000 0.000000 0.000000
0.190013 0.484641 0.037690 0.924494
0.732904 0.842006 0.205772 0.056744
0.000302 0.000299 0.000331 0.000298
0.737795 0.832372 0.724800 0.862853
0.009083 0.009943 -0.002459 0.008971
0.000000 0.000000 -0.498500 -0.320201
0.021884 0.548634 0.677849 0.761265
0.678710 0.989768 0.399335 0.042317
0.077217 0.294401 0.238006 0.738429
0.014098 0.015125 -0.479059 0.015523
0.220777 0.089476 0.483551 0.177532
0.000000 0.000000 0.000000 0.000000
0.687385 0.796443 0.058626 0.863621
0.000000 0.000000 0.000000 0.000000
0.568167 0.426549 0.318633 0.768855
0.017155 0.051823 -0.101958 0.047376
0.809160 0.645995 0.548769 0.151084
0.000000 0.000000 -0.386810 -0.195373
0.534137 0.926923 0.315312 0.448519
0.649512 0.979606 0.411991 0.958164
-0.000540 0.000036 0.000033 0.000033
0.547924 0.152223 0.703615 0.649412
0.297965 0.140870 0.555618 0.773004
0.725098 0.711557 0.446375 0.708478
0.206453 0.208659 0.224541 0.203907
-0.004955 0.001273 0.001163 0.001154
0.896260 0.967648 0.774116 0.597846
0.000182 0.000185 0.000184 0.000203
0.096043 0.106365 -0.266195 0.097744
1.481478 1.634470 1.564831 1.472578
0.201882 0.201882 0.163769 0.224313
0.160358 0.163607 0.628258 0.209155
0.642247 0.851635 0.683183 0.692665
0.374840 0.004481 0.312895 0.056323
0.490375 0.375312 0.442152 0.514720
-0.031894 0.000034 0.000033 0.000031
0.616481 0.508753 0.706291 0.396303
0.284630 0.376965 0.110198 0.486294
0.664211 0.739732 0.876690 0.599672
0.855056 0.032240 0.884462 0.904155
0.173907 0.926488 0.729510 0.397740
0.000010 0.000010 0.000011 -0.104855
0.243090 0.832732 0.444805 0.427469
0.556127 0.574208 0.503915 0.610989
0.097328 0.230072 0.043515 0.113003
-0.000667 0.000123 0.000119 0.000115
0.193260 0.212846 0.143291 0.206044
0.089523 0.099452 -0.179432 -0.427193
0.838659 0.079410 0.180791 0.674668
0.247769 0.538746 0.147881 0.619117
0.005314 0.005848 0.005341 0.005265
0.425023 0.651488 0.796530 0.743042
0.458937 0.600801 0.455263 0.965462
0.539396 0.540077 0.593974 0.309036
0.047260 0.742630 0.908784 0.075210
0.000000 0.000000 0.000000 0.000000
0.058667 0.058728 0.005109 0.064598
0.182644 0.256082 0.230535 0.230657
0.258907 0.621449 0.689404 0.465508
0.838419 0.553086 0.318270 0.368718
0.401805 0.699596 0.605090 0.875677
0.028011 0.553550 0.100530 0.829418
0.033331 0.036266 0.034293 0.033134
0.891591 0.255734 0.719966 0.917099
0.084390 0.360121 0.793571 0.955626
0.316381 0.325046 0.346999 0.316152
148.810267 13.311694 118.756663 0.903635
0.903402 0.528502 0.815068 0.808575
0.675199 0.750311 0.676552 0.677661
0.000001 0.000001 -0.135043 0.000001
0.976343 0.208249 0.341102 0.745875
0.945543 0.752230 0.021614 0.504735
0.942610 0.981373 0.037966 0.121761
0.046203 0.048872 0.050745 0.046707
0.255280 0.096202 0.308014 0.698304
0.848544 0.997639 0.971624 0.483984
0.174025 0.504869 0.707821 0.393483
0.185075 0.207736 0.110295 -0.243539
0.428985 0.584687 0.451051 0.254741
0.227221 0.229267 0.250517 0.225513
0.000000 0.000000 -0.090000 0.000000
0.804462 0.829431 0.178697 0.673239
0.015468 0.015583 -0.230505 0.017187
0.000000 0.000000 0.000000 0.000000
0.418822 0.818389 0.616858 0.226217
0.241821 0.268234 -0.530383 0.084973
0.839136 0.118371 0.263829 0.555935
0.875875 0.506820 0.439548 0.155187
0.400096 0.676750 0.270680 0.483085
0.414188 0.417880 0.467723 0.361901
0.000277 0.000276 0.000269 0.000299
0.989751 0.250479 0.911147 0.252213
0.844508 0.451719 0.561946 0.619188
0.437618 0.823470 0.600511 0.186958
0.944221 0.696047 0.577406 0.564329
0.000000 0.000000 -0.538022 -0.058057
0.738999 0.774830 0.785394 0.707831
0.000169 0.000169 0.000169 0.000187
0.821463 0.462475 0.462988 0.728173
0.722745 0.603309 0.998143 0.076146
0.542409 0.072290 0.026583 0.210198
0.528737 0.666827 0.280480 0.449750
0.039882 0.934754 0.141616 0.590410
0.218428 0.533134 0.817839 0.894871
0.466696 0.466737 0.300698 0.518546
23.188862 21.057381 20.658087 21.176677
0.132018 0.948946 0.925142 0.509955
0.688290 0.805874 0.908803 0.360077
0.304059 0.334840 -0.269142 0.303486
0.196844 0.284013 0.091336 0.133259
0.072102 0.072102 0.080113 0.072102
0.000000 0.000000 0.000000 0.000000
0.475410 0.005100 0.302911 0.852800
0.347478 0.318424 0.157666 0.211527
0.748726 0.516040 0.508061 0.206582
0.514783 0.395835 0.291877 0.681738
0.846382 0.678360 0.300949 0.584788
0.716442 0.763114 0.389410 0.572252
0.577845 0.142247 0.550927 0.359516
0.339618 0.335452 0.220310 0.297037
0.969377 0.250571 0.235976 0.928778
0.003806 0.004615 -0.425662 0.004629
0.226170 0.164640 0.646010 0.823413
0.134767 0.147069 0.101233 0.137604
0.140386 0.362517 0.362807 0.111345
0.000026 0.000026 0.000029 -0.001520
0.618273 0.108521 0.068959 0.849728
0.433697 0.163716 0.279212 0.219598
0.587905 0.376047 0.617590 0.217772
0.206876 0.514040 0.341855 0.128283
0.000000 0.000000 -0.000001 0.000000
0.515586 0.842187 0.413053 0.638646
0.151388 0.327468 0.133645 0.230895
0.887115 0.175028 0.873604 0.575468
0.627256 0.628227 0.255335 0.696951
0.786469 0.772527 0.809786 0.699816
0.812311 0.884060 0.924498 0.825641
0.336291 0.369785 0.342833 0.334109
0.805359 0.549066 0.370505 0.912016
0.470390 0.515061 0.488493 0.518915
0.000082 0.000085 0.000089 0.000083
0.724790 0.909392 0.027093 0.140463
0.272299 0.297771 0.096920 0.281993
0.377422 0.687969 0.299941 0.395800
0.380004 0.348015 0.951869 0.992720
0.141208 0.144629 0.156897 0.142648
56.019007 54.272347 55.968753 55.865736
0.026359 0.029453 -0.492724 0.026749
0.087613 0.509479 0.009747 0.095377
0.612149 0.535357 0.835295 0.647415
0.702445 0.066242 0.708769 0.481233
0.659732 0.653891 0.881695 0.332882
0.592724 0.864925 0.857895 0.833551
0.000409 0.000453 0.000412 0.000408
0.183868 0.695895 0.652476 0.607498
0.000000 0.000000 -0.630931 -0.624120
0.084809 0.271365 0.118575 0.243696
0.670355 0.232648 0.593454 0.354257
0.418255 0.151151 0.962580 0.800805
0.071193 0.075567 0.783184 0.507802
0.297208 0.302412 0.259239 0.330228
0.000000 0.000000 -0.450516 -0.610667
0.489393 0.993244 0.943911 0.371663
0.083276 0.648845 0.890360 0.732925
0.312403 0.340083 0.310546 0.329557
0.483736 0.537466 0.484254 0.488605
0.333583 0.438738 0.202170 0.600786
0.000001 0.000001 0.000001 0.000001
0.973534 0.019861 0.574480 0.060028
0.264842 0.261381 0.280051 0.254470
0.169505 0.180368 0.156912 0.163833
0.547005 0.439969 0.452063 0.308890
0.581779 0.016158 0.351323 0.061436
0.000396 0.000440 -0.361179 -0.130039
0.693376 0.093815 0.660086 0.064290
0.339128 0.475405 0.838593 0.449050
0.765909 0.847812 0.977613 0.601077
0.280624 0.403831 0.806519 0.372506
0.961435 0.658997 0.081094 0.878484
0.951242 0.180899 0.161299 0.753066
0.517769 0.575299 0.402845 0.461272
-0.013050 0.000204 0.000185 0.000203
0.993428 0.092531 0.101098 0.281422
0.856771 0.496165 0.169579 0.872342
0.086295 0.067922 0.815815 0.770260
-0.041395 0.001653 0.001788 0.001612
0.563448 0.499765 0.381483 0.615714
0.187886 0.789681 0.955493 0.461541
0.019211 0.019896 0.019020 0.021112
26.077078 13.096695 23.820502 25.749150
0.536932 0.126015 0.691870 0.651860
0.753118 0.728553 0.814429 0.677519
0.977321 0.869412 0.888178 0.753070
0.619047 0.607427 0.758432 0.399453
0.913281 0.605855 0.267970 0.329588
0.174795 0.179853 0.189261 0.171836
0.420099 0.168366 0.641994 0.015573
0.044968 0.854613 0.774235 0.187540
0.298305 0.268474 0.269550 0.268501
0.415462 0.461621 0.354684 0.050861
0.150787 0.154506 0.161687 0.149656
0.568003 0.648658 -0.113920 0.583804
0.182369 0.710749 0.839228 0.327144
0.451987 0.027219 0.038625 0.588103
0.719928 0.002889 0.466131 0.593865
0.187920 0.200851 0.188200 0.208206
0.153641 0.032223 0.274004 0.538825
0.595465 0.370747 0.674468 0.365088
0.630047 0.391170 0.997825 0.560408
0.151496 0.151527 0.168327 0.053596
0.877443 0.376561 0.474030 0.613324
0.355190 0.358675 0.394656 0.355190
0.980569 0.688205 0.945326 0.956191
0.882067 0.094959 0.763976 0.220175
0.534248 0.334306 0.675898 0.763824
0.233546 0.259496 0.233546 0.233546
0.635976 0.430997 0.589562 0.496053
0.375338 0.423837 0.389630 0.385940
0.785483 0.785483 0.636460 0.872759
0.587220 0.267954 0.472624 0.176879
0.329508 0.853980 0.573353 0.628396
0.289452 0.347439 0.799249 0.014834
0.598264 0.322330 0.357836 0.645501
0.401722 0.001021 0.550341 0.293816
0.118417 0.589603 0.316864 0.070592
0.402965 0.447219 0.404465 0.410052
0.452792 0.619605 0.599972 0.054244
0.851722 0.851722 0.946358 0.813280
0.078095 0.725333 0.009487 0.588198
0.830974 0.086522 0.449345 0.406460
0.000000 0.000000 -0.001424 0.000000
0.838043 0.686114 0.238552 0.686796
0.678414 0.759900 0.414533 0.688557
0.510783 0.537519 0.565336 0.515351
23.820334 31.297224 28.572705 31.439316
0.145487 0.585669 0.499592 0.506637
0.946600 0.964884 0.650698 0.834436
0.428256 0.438201 0.278444 0.470617
0.044518 0.902761 0.616229 0.889028
0.675170 0.653318 0.770989 0.526810
0.688476 0.766910 0.364294 0.094177
0.388149 0.922187 0.058585 0.475324
0.201318 0.282212 0.958258 0.100925
0.407504 0.400292 0.996627 0.111682
0.682391 0.676452 0.441701 0.338193
0.026976 0.027609 0.029973 0.026976
0.184176 0.087725 0.596029 0.990441
0.924254 0.480909 0.859678 0.329616
0.062242 0.208442 0.411378 0.613316
0.119641 0.117335 0.130313 0.117300
0.558897 0.981444 0.831265 0.525252
0.302772 0.303284 0.336413 0.302772
0.505475 0.890262 0.230395 0.131569
0.452905 0.857244 0.293008 0.117202
0.975030 0.751085 0.633769 0.534945
0.000000 0.000000 0.000000 0.000000
0.141416 0.141717 -0.101670 0.156726
0.678847 0.635350 0.754285 0.352904
0.517495 0.023284 0.440048 0.264826
0.923378 0.553449 0.322947 0.266824
0.695879 0.956617 0.936801 0.109739
0.546824 0.979687 0.152054 0.468535
0.377345 0.603473 0.600358 0.094528
0.102397 0.305371 -0.667891 -0.122404
0.064041 0.507222 0.332251 0.264051
0.004700 0.005134 0.004675 0.004993
0.531937 0.735680 0.662140 0.664359
0.441465 0.972927 0.942273 0.462995
0.856759 0.806655 0.278198 0.221810
0.960018 0.935464 0.784539 0.529755
0.700593 0.747767 0.639423 0.231971
0.514252 0.512482 0.394350 0.268025
0.181744 0.201860 0.182406 0.181675
0.288976 0.454948 0.505950 0.921870
0.801310 0.339694 0.585440 0.203885
0.027794 0.030881 -0.774148 -0.399060
0.113460 0.795969 0.080738 0.777369
0.506993 0.539491 0.516246 0.539005
0.751318 0.009584 0.932537 0.984399
0.475950 0.472974 0.473169 0.120899
0.000002 0.000002 0.000002 0.000002
-0.136384 0.292856 0.269482 0.263722
0.033770 0.690507 0.887391 0.634554
0.320900 0.350369 0.318734 0.316466
0.969353 0.836593 0.274370 0.828656
0.003453 0.003512 0.003822 0.003440
0.273448 0.132849 0.730809 0.941913
0.826412 0.427561 0.622247 0.052365
0.852578 0.982445 0.109533 0.933654
0.984227 0.109243 0.354788 0.236420
0.301348 0.170292 0.488120 0.395193
0.811688 0.447437 0.510712 0.577005
0.105968 0.740707 0.135163 0.452667
0.286815 0.294440 0.318022 0.288596
0.638347 0.708714 0.138012 0.425306
0.704389 0.020320 0.137431 0.780904
0.745986 0.274735 0.226093 0.888844
0.993500 0.926883 0.719338 0.403044
0.894394 0.571750 0.126159 0.839200
0.618960 0.624730 0.687468 0.518745
0.007317 0.007317 0.007317 0.008130
0.258846 0.021867 0.983082 0.783629
0.533962 0.768159 0.567395 0.248154
0.368899 0.373287 0.368089 0.408988
0.672703 0.926548 0.021184 0.000830
0.000000 0.000000 -0.370911 -0.195249
0.311760 0.921723 0.779386 0.681734
0.938896 0.982513 0.725664 0.796068
0.711911 0.702205 0.595924 0.988407
0.656557 0.974921 0.254562 0.786950
0.333767 0.801537 0.029595 0.388537
0.190050 0.017195 0.898918 0.656426
0.512160 0.999700 0.035145 0.339209
0.197016 0.218907 0.015090 0.050341
0.330299 0.366549 0.329897 0.330068
0.226619 0.733754 0.323743 0.832647
0.112783 0.358236 0.944433 0.742451
-0.081438 0.141444 0.146260 0.105292
0.746382 0.988386 0.281870 0.080442
0.783886 0.719927 0.863871 0.776863
0.091788 0.142969 0.892380 0.591221
0.508498 0.563551 0.510408 0.510221
0.840649 0.340970 0.683650 0.825055
0.650894 0.473909 0.659397 0.284359
0.444526 0.614446 0.039370 0.096424
0.458948 0.507237 0.357403 0.448234
0.385317 0.423389 0.391613 0.387679
0.352359 0.533461 0.130710 0.503157
0.295507 0.779193 0.770832 0.396691
0.211146 0.207957 0.222256 0.084888
35.645049 21.324629 34.062879 0.588774
0.294280 0.967735 0.756546 0.474531
0.799664 0.799664 0.711215 0.888516
0.899169 0.308879 0.915337 0.422019
0.662670 0.538654 0.829326 0.927212
0.103223 0.104350 0.114643 -0.041130
0.433409 0.985452 0.510123 0.677432
0.071057 0.176805 0.326959 0.676722
0.002034 0.636151 0.329566 0.770967
0.907371 0.595749 0.396814 0.184648
0.799582 0.808376 0.464799 0.974968
0.504189 0.252444 0.446237 0.695166
0.766863 0.661367 0.226774 0.347773
0.020718 0.022849 0.022671 0.022273
0.130073 0.430035 0.549775 0.413985
0.470453 0.485504 0.476567 0.522542
0.344444 0.475196 0.201745 0.222146
0.324641 0.382016 0.564818 0.129556
0.549221 0.879618 0.755352 0.801440
0.208508 0.212880 0.216827 0.231647
0.589422 0.601391 0.097992 0.310732
0.451697 0.452888 0.258339 0.501934
0.311431 0.776340 0.656619 0.493125
0.668670 0.734261 0.734588 0.661330
0.412878 0.053567 0.258051 0.597056
0.838499 0.763988 0.838499 0.931666
0.429631 0.543278 -0.462707 0.535156
0.918065 0.179450 0.162531 0.547508
0.256564 0.745699 0.565073 0.971236
0.321897 0.985246 0.268412 0.904014
0.954727 0.536283 0.009344 0.714216
0.728241 0.717303 0.774806 0.821436
0.146696 0.118473 0.484612 0.981976
0.696466 0.191678 0.472364 0.966539
0.796711 0.681943 0.487875 0.735549
0.009795 0.009905 0.010893 0.009803
0.634586 0.333980 0.488045 0.310612
0.158124 0.758637 0.726767 0.209812
0.709263 0.209605 0.211046 0.274956
0.733533 0.168396 0.148542 0.363758
0.531584 0.531815 0.374968 0.590649
0.608796 0.264650 0.970180 0.244902
0.422005 0.468895 0.429312 0.422006
0.770726 0.123926 0.900818 0.932993
0.738465 0.214739 0.763678 0.092473
0.643392 0.875087 0.964596 0.857646
0.241914 0.158882 0.470314 0.963313
0.074116 0.082322 0.078205 0.021731
0.537795 0.197913 0.146887 0.715368
0.337974 0.385716 0.926402 0.056616
0.000007 0.000007 -0.135314 0.000008
45.803578 6.557987 42.860497 39.136761
0.458060 0.613292 0.078413 0.999590
0.577469 0.587140 0.707870 0.597492
0.298871 0.256253 0.538020 0.506170
0.335196 0.372439 0.335195 0.335240
0.906251 0.891653 0.056717 0.723723
0.620234 0.090614 0.759107 0.909978
0.271812 0.255530 0.892365 0.952122
0.357903 0.399224 -0.545469 0.134329
0.357563 0.160236 0.008780 0.661470
0.501752 0.024721 0.216421 0.626372
0.102043 0.227048 0.622761 0.605269
0.316065 0.311759 0.169298 0.588860
0.152063 0.233969 0.161703 0.594331
0.508306 0.853240 0.948044 0.705055
0.981951 0.368179 0.564775 0.475135
0.663611 0.656913 0.092687 0.177044
0.431417 0.476995 0.434360 0.429576
0.385296 0.459095 0.559083 0.436709
0.945068 0.409983 0.648063 0.475462
0.428829 0.475475 0.145815 0.401121
0.165259 0.089531 0.696732 0.563640
0.858188 0.052016 0.499365 0.351085
0.613517 0.784034 0.493483 0.461812
0.001647 0.001774 0.000077 0.001633
0.674747 0.282870 0.963570 0.012748
0.868393 0.868396 0.964881 0.868393
0.481399 0.896012 0.320683 0.382626
0.298803 0.589821 0.585688 0.533187
0.111487 0.112216 0.764249 0.777836
0.398932 0.141491 0.204619 0.636197
0.365447 0.708354 0.372627 0.593688
0.066659 0.404831 0.979544 0.531757
0.576362 0.428794 0.965683 0.992252
0.476226 0.024530 0.394030 0.616366
0.178739 0.377571 0.043849 0.858698
0.685024 0.602709 0.314553 0.894686
0.642669 0.669999 0.761824 0.757639
0.307765 0.309205 0.318102 0.341960
0.082021 0.567814 0.641830 0.931578
0.812588 0.098943 0.732839 0.735588
0.583196 0.072785 0.115166 0.932920
0.275083 0.070617 0.123964 0.624509
0.617243 0.756712 0.718470 0.168702
0.360508 0.396552 0.367504 0.368517
0.708299 0.424531 0.196766 0.846035
0.203592 0.912551 0.137881 0.507241
0.415827 0.852624 0.868583 0.017502
0.610593 0.465180 0.157396 0.955703
0.000000 0.000000 -0.020016 0.000000
0.429721 0.657634 0.723538 0.651850
0.438681 0.721925 0.500848 0.680320
0.316324 0.351444 0.329108 0.347925
31.014853 7.893390 20.150967 30.895476
0.170468 0.969212 0.053584 0.373893
0.739137 0.848066 0.674607 0.895646
0.481334 0.178525 0.142727 0.549678
0.011862 0.331974 0.895208 0.917332
0.598625 0.426669 0.506387 0.591427
0.648409 0.724270 0.651843 0.651843
-0.253718 0.301830 0.383678 0.423755
0.493216 0.082640 0.082523 0.513031
0.042088 0.500466 0.786161 0.553697
0.411516 0.486777 0.915183 0.283979
0.635369 0.773256 0.183443 0.546436
0.508566 0.495871 0.960126 0.825089
0.777462 0.993805 0.896648 0.816233
0.396560 0.587887 0.655770 0.154418
0.456229 0.525846 -0.398457 0.393118
0.101597 0.685487 0.798159 0.081919
0.586759 0.040915 0.888577 0.407840
0.632732 0.737665 0.221854 0.608210
0.419082 0.464153 0.444933 0.417738
0.736876 0.617176 0.610796 0.779760
0.000000 0.000000 -0.835823 -0.380138
0.409676 0.692721 0.062923 0.412448
0.067561 0.438362 0.148926 0.576295
0.286714 0.443772 0.107805 0.784687
0.248870 0.276521 0.249568 0.249172
0.362936 0.268077 0.896306 0.663779
0.153289 0.187742 0.181977 0.178318
0.516505 0.727163 0.211231 0.192209
0.016605 0.276649 0.658555 0.307398
0.495973 0.600869 0.743326 0.668994
0.172519 0.835337 0.328044 0.384650
0.742468 0.820839 0.226296 0.407574
0.094102 0.074218 0.140539 0.869029
0.563064 0.241066 0.467636 0.531098
0.591007 0.613113 0.810108 0.422600
0.029195 0.313283 0.419362 0.666055
0.687674 0.852272 0.611824 0.746609
0.510478 0.234713 0.136876 0.509841
0.503474 0.613745 0.545008 0.552370
0.889321 0.845609 0.095552 0.632547
0.274072 0.284193 0.266389 0.295980
0.708087 0.840045 0.203640 0.078197
0.209394 0.061897 0.484689 0.783066
0.960000 0.864306 0.078551 0.035776
0.788601 0.690328 0.684833 0.206307
0.404680 0.756839 0.681242 0.743023
0.504938 0.257864 0.910972 0.780573
0.310322 0.218432 0.448167 0.424450
0.255732 0.813207 0.912362 0.185129
0.091474 0.079173 0.292784 0.519223
0.365150 0.405496 0.370360 0.310114
0.859529 0.720793 0.333541 0.636403
0.564712 0.631192 0.513788 0.568075
0.556169 0.568020 0.613599 0.556854
36.909826 0.542246 17.280602 36.968193
0.453570 0.300419 0.275124 0.280788
0.447583 0.670316 0.557418 0.101954
0.333976 0.198382 0.936536 0.637240
0.183181 0.534525 0.286756 0.958661
0.631780 0.169301 0.059544 0.301285
0.186631 0.545134 0.497596 0.774031
0.664901 0.795038 0.692744 0.418307
0.626254 0.611984 0.663623 0.599953
0.957813 0.224885 0.547897 0.863817
0.215969 0.154465 0.292638 0.663866
0.942996 0.493247 0.881694 0.922796
0.068688 0.810475 0.901380 0.351447
0.744062 0.907734 0.083679 0.425524
0.779547 0.534026 0.716494 0.328801
0.585605 0.563032 0.456993 0.927139
0.504536 0.281492 0.595652 0.661834
0.528267 0.977612 0.183405 0.737013
0.827067 0.866861 0.818148 0.362996
0.135951 0.869446 0.783055 0.325874
0.618098 0.734233 0.868411 0.716283
0.000044 0.000048 0.000044 0.000047
0.605843 0.665449 0.592326 0.481718
0.154094 0.552542 0.794957 0.182927
0.370411 0.581295 0.434843 0.414310
0.815962 0.443587 0.311661 0.100654
0.486547 0.495316 0.535774 0.478996
0.271321 0.749418 0.410606 0.792773
0.492377 0.546313 0.493623 0.501708
0.485581 0.138364 0.927225 0.713430
0.685542 0.713420 0.894164 0.288480
0.943022 0.504267 0.875361 0.160282
0.687490 0.751069 0.498835 0.470972
0.485036 0.228513 0.690251 0.928773
0.986767 0.663363 0.923059 0.168946
0.729258 0.345654 0.443965 0.764012
0.953382 0.308862 0.134272 0.538873
0.018016 0.395387 0.106076 0.406202
0.494634 0.665605 0.070507 0.032332
0.628911 0.064957 0.375336 0.911609
0.951742 0.587816 0.523297 0.953042
0.639319 0.710527 0.623599 0.639475
0.863300 0.349773 0.826292 0.802264
0.528601 0.530983 0.824736 0.220503
0.235116 0.474907 0.254783 0.322669
0.307158 0.483895 0.236899 0.772561
0.458050 0.632938 0.547377 0.486769
0.942983 0.796432 0.547544 0.238883
0.740700 0.823000 0.707905 0.740630
0.165356 0.404864 0.938151 0.619132
0.489064 0.256041 0.739262 0.267830
0.417882 0.476540 0.514547 0.526958
0.739061 0.351750 0.006564 0.031397
0.376686 0.429469 -0.081695 0.339013
0.479192 0.498550 0.262672 0.535999
0.467131 0.741326 0.848804 0.549924
0.667306 0.669060 0.741451 0.208987
20.030208 8.442044 14.881051 15.508396
0.744855 0.318741 0.787265 0.887019
0.989348 0.754942 0.492077 0.131620
0.698873 0.940443 0.653444 0.701742
0.935294 0.368608 0.621832 0.509305
0.052780 0.286224 0.338777 0.519130
0.127848 0.021834 0.516514 0.538249
0.418719 0.353634 0.316357 0.350038
0.337044 0.425261 0.594848 0.749288
0.267632 0.347751 0.293649 0.312981
0.184804 0.028016 0.251444 0.523536
0.344560 0.690437 0.188739 0.573916
0.857892 0.572737 0.985827 0.836557
0.639036 0.657750 0.873645 0.164704
0.121091 0.001814 0.599249 0.250012
0.395087 0.326028 0.101595 0.958833
0.662079 0.526163 0.591589 0.100774
0.379136 0.420951 0.388232 0.393678
0.344069 0.072206 0.026931 0.137777
0.670729 0.861782 0.811040 0.349863
0.474894 0.951299 0.241305 0.447075
0.700594 0.751261 0.066058 0.213574
0.720236 0.071950 0.853536 0.241399
0.825138 0.926669 0.833857 0.833842
0.187775 0.675526 0.220919 0.172492
0.435041 0.718016 0.615929 0.564823
0.261035 0.842941 0.351717 0.108184
0.541452 0.091438 0.586297 0.307955
0.431690 0.876354 0.336777 0.081634
0.842284 0.432231 0.936067 0.722542
0.629584 0.937196 0.272811 0.282031
0.904734 0.061772 0.529512 0.191980
0.317586 0.050233 0.755847 0.349349
0.860638 0.199587 0.970351 0.189034
0.647806 0.762894 0.686604 0.687960
0.926974 0.085894 0.444878 0.916920
0.096250 0.865048 0.585537 0.644268
0.403396 0.138810 0.473327 0.290000
0.791694 0.607276 0.402187 0.589533
0.858528 0.241051 0.799897 0.268760
0.030259 0.680824 0.353198 0.117823
0.500985 0.356557 0.572926 0.181046
0.447380 0.952390 0.776538 0.116356
0.619044 0.629140 0.619046 0.687826
0.523498 0.248083 0.812667 0.435369
0.641338 0.766955 0.825436 0.994238
0.138385 0.957091 0.629854 0.549400
0.776933 0.920294 0.289681 0.550347
0.003797 0.369033 0.138290 0.638283
0.407775 0.615590 0.471512 0.530412
0.443796 0.015866 0.553267 0.498617
0.369251 0.346831 0.335211 0.597822
0.498230 0.667934 0.874080 0.620235
0.041326 0.987045 0.320426 0.356827
0.886464 0.154968 0.760385 0.186353
0.778270 0.866249 0.315381 0.709515
0.359441 0.260852 0.164395 0.997559
0.202608 0.073241 0.673044 0.549315
0.680725 0.759931 0.457014 0.267784
0.462811 0.625663 0.420784 -0.399198
0.856672 0.880581 0.679532 0.001395
0.897007 0.899840 0.083445 0.054445
0.816611 0.657077 0.765190 0.599140
0.120999 0.220385 0.544699 0.232571
0.367233 0.641966 0.758342 0.785273
0.005399 0.319927 0.864458 0.937348
0.723453 0.735724 0.915917 0.364752
0.392950 0.274044 0.316018 0.665003
0.429356 0.260112 0.531734 0.919830
0.317347 0.350518 0.325878 0.332041
0.622665 0.716018 0.478963 0.532515
0.716757 0.158254 0.061586 0.984679
0.188126 0.599889 0.202356 0.763719
0.237523 0.302504 0.865792 0.662745
0.443605 0.846919 0.868121 0.786356
0.629354 0.352041 0.602180 0.377747
0.563200 0.585483 0.469883 0.048666
0.450752 0.498848 0.449604 0.450387
0.920262 0.564848 0.605349 0.823083
0.047700 0.939394 0.068427 0.577098
0.235256 0.657833 0.210323 0.518733
0.289180 0.937130 0.861716 0.142726
0.158928 0.125065 0.988788 0.140896
0.837731 0.933535 0.438526 0.843699
0.010269 0.443659 0.523199 0.672295
0.943411 0.320754 0.727669 0.818992
0.432534 0.273183 0.485760 0.110957
0.379871 0.261434 0.455182 0.505758
0.308847 0.822921 0.849969 0.071395
0.740138 0.937446 0.260292 0.666064
0.347708 0.260049 0.045950 0.853937
0.325771 0.715743 0.695564 0.913310
0.368552 0.189378 0.354603 0.909318
0.439506 0.759759 0.981198 0.172272
0.861707 0.941706 0.622402 0.532852
0.756675 0.752819 0.840804 0.550898
0.006732 0.705027 0.457992 0.570069
0.859221 0.322589 0.201156 0.538864
0.444845 0.984133 0.674710 0.645536
0.662902 0.006459 0.529478 0.492258
0.668568 0.584751 0.699940 0.861519
0.460550 0.709679 0.259989 0.742118
0.810024 0.728674 0.295239 0.429826
0.045280 0.312181 0.149520 0.573491
0.296848 0.353898 0.364837 0.335971
0.506449 0.612398 0.874822 0.356785
0.752173 0.736568 0.010138 0.684171
0.879004 0.093299 0.040359 0.634813
0.144233 0.513082 0.113341 0.108353
0.064421 0.024239 0.342928 0.606074
0.832038 0.504288 0.334810 0.085095
0.366135 0.270360 0.391354 0.382714
0.223855 0.924555 0.133798 0.875847
0.365617 0.735859 0.421558 0.879729
0.679286 0.829169 0.673474 0.898035
0.497126 0.148675 0.751869 0.394820
-0.536361 0.076869 0.207953 0.187467
0.280397 0.239669 0.888082 0.667638
0.717200 0.612005 0.437576 0.938626
0.413947 0.239904 0.687771 0.618993
0.721662 0.108702 0.443497 0.618784
0.570920 0.772141 0.265368 0.700520
0.524099 0.410276 0.458953 0.971672
0.951254 0.143807 0.892728 0.060555
0.646864 0.311936 0.569579 0.331550
0.003747 0.284433 0.286152 0.582782
0.632537 0.299861 0.941213 0.883785
0.701203 0.624483 0.615954 0.172728
0.750694 0.938634 0.332895 0.379253
0.695080 0.596879 0.673125 0.104400
0.586588 0.173271 0.006497 0.787460
0.632742 0.677725 0.652842 0.519460
0.685163 0.630973 0.108784 0.186745
0.215294 0.798183 0.113523 0.114485
0.608237 0.849381 0.178905 0.979247
0.619778 0.284762 0.317349 0.050559
0.850563 0.155900 0.833188 0.782406
0.400548 0.086195 0.186358 0.523927
0.602281 0.435715 0.266009 0.592903
0.594665 0.620485 0.589716 0.648524
0.116510 0.725602 0.556423 0.857256
0.921913 0.882156 0.704225 0.210046
0.123552 0.209381 0.233588 0.948973
0.894960 0.286652 0.722202 0.257246
0.593923 0.747125 0.774446 0.097838
0.507137 0.532642 0.682268 0.614042
0.681046 0.111277 0.409100 0.206817
0.911243 0.872193 0.083393 0.923901
0.276987 0.261742 0.623671 0.904183
0.804927 0.943956 0.768736 0.624566
0.098436 0.601758 0.524086 0.951917
0.514994 0.504417 0.386025 0.597273
0.069870 0.107071 0.441660 0.049270
0.152386 0.641552 0.541542 0.034750
0.606438 0.704023 0.407971 0.290343
0.510443 0.951007 0.166625 0.707902
0.894461 0.781861 0.349759 0.426045
0.242383 0.462554 0.520110 0.916579
0.334703 0.540695 0.734109 0.274763
0.932404 0.864383 0.161012 0.238357
0.832965 0.595102 0.712775 0.324130
0.992829 0.467091 0.444990 0.935242
0.922373 0.337473 0.268797 0.750472
0.610578 0.197068 0.432829 0.633370
0.372301 0.192021 0.329951 0.253083
0.789790 0.016560 0.095240 0.907974
0.797435 0.909561 0.840313 0.850542
0.677253 0.740409 0.716719 0.557478
0.439890 0.324647 0.035498 0.178030
0.860641 0.477448 0.527941 0.224467
0.497165 0.365286 0.477282 0.240040
0.523442 0.652234 0.897278 0.835126
0.638283 0.781214 0.479564 0.425494
0.971394 0.318164 0.191802 0.335479
0.675715 0.750795 0.675716 0.675716
0.325485 0.991557 0.474427 0.589087
0.152212 0.680290 0.229471 0.399607
0.378610 0.363273 0.480731 0.782887
0.837025 0.723031 0.398067 0.308479
0.281856 0.379867 0.076365 0.299718
0.107353 0.443282 0.199295 0.875985
0.381115 0.820051 0.178168 0.580039
0.096133 0.166133 0.275398 0.340980
2.192521 0.929662 4.598616 1.399461
0.832961 0.473759 0.958623 0.732585
0.387352 0.637224 0.954385 0.117008
0.712952 0.332115 0.630456 0.580404
0.372385 0.052670 0.696691 0.275086
0.574925 0.148759 0.784518 0.658218
0.449471 0.828427 0.317046 0.945797
0.624291 0.951070 0.078603 0.061147
0.534994 0.487222 0.193956 0.650160
0.113877 0.817338 0.673572 0.540718
0.170998 0.616938 0.738789 0.177594
0.130208 0.622302 0.453366 0.727220
0.774149 0.542661 0.980846 0.283950
0.915856 0.868116 0.040323 0.392318
0.787716 0.023061 0.610466 0.434512
0.920872 0.286476 0.321296 0.360589
0.592710 0.689449 0.010857 0.071195
0.013819 0.417109 0.814998 0.245942
0.176863 0.014284 0.366577 0.587912
0.846373 0.216862 0.553470 0.466495
0.329134 0.283618 0.411519 0.360270
0.462759 0.249269 0.734314 0.983617
0.924671 0.977029 0.203512 0.360263
0.746366 0.496780 0.647937 0.706102
0.131813 0.868612 0.591083 0.443484
0.377800 0.905235 0.277667 0.205771
0.419355 0.419512 0.465950 0.197855
0.805663 0.005277 0.261323 0.351194
0.764113 0.315461 0.968521 0.239141
0.113485 0.353353 0.957642 0.934860
0.309762 0.340052 0.156682 0.183487
0.615577 0.689297 0.439867 0.708940
0.534190 0.643690 0.905236 0.814712
0.875553 0.641958 0.208781 0.134394
0.040678 0.077609 0.900373 0.531300
0.716516 0.911990 0.525674 0.485431
0.655100 0.080779 0.841471 0.385139
0.176754 0.393926 0.527030 0.982145
0.401946 0.754304 0.941360 0.968271
0.621084 0.338494 0.283543 0.434952
0.198754 0.775301 0.452040 0.801508
0.898096 0.929086 0.756110 0.492915
0.320764 0.409085 0.109327 0.909028
0.355483 0.321576 0.995883 0.954708
0.115226 0.180797 0.238993 0.814301
0.989373 0.308946 0.811994 0.891464
0.205848 0.437238 0.566969 0.800591
0.649185 0.756787 0.586562 0.930887
0.170483 0.342932 0.096202 0.510232
0.767122 0.299364 0.369915 0.346478
0.209149 0.632286 0.491361 0.855189
0.989230 0.114586 0.116269 0.840973
0.743364 0.131541 0.065500 0.449674
0.820842 0.244855 0.327398 0.028872
0.288861 0.990192 0.468145 0.628433
0.628289 0.141405 0.173655 0.611481
0.164847 0.164258 0.642598 0.322024
0.841093 0.967862 0.944347 0.677028
0.909677 0.153268 0.176941 0.729567
0.025459 0.434941 0.181124 0.981952
0.093340 0.146805 0.085222 0.184849
0.662375 0.813754 0.228200 0.605790
0.048685 0.583226 0.170204 0.929804
0.650227 0.513252 0.033377 0.369470
0.606485 0.693877 0.233172 0.525778
10.347341 0.988167 0.192410 11.507714
0.342531 0.916871 0.091898 0.207392
0.735741 0.793612 0.350990 0.231626
0.976154 0.303091 0.670631 0.292910
0.741514 0.282348 0.448939 0.521011
0.282992 0.679267 0.310404 0.232368
0.869868 0.664058 0.878183 0.336332
0.220199 0.275956 0.985630 0.200396
0.590101 0.759189 0.834725 0.564368
0.246839 0.701752 0.251759 0.320665
0.734576 0.050619 0.472784 0.640538
0.128996 0.436064 0.266730 0.378511
0.174652 0.446446 0.227779 0.345385
0.926558 0.842428 0.655744 0.197829
0.624128 0.865472 0.403227 0.330489
0.929387 0.839338 0.111570 0.293717
0.546696 0.904226 0.106764 0.660838
0.076488 0.531937 0.575290 0.079252
0.447143 0.802682 0.871772 0.365013
0.701521 0.897023 0.699280 0.295345
0.149711 0.441432 0.554735 0.827003
0.108620 0.766404 0.642060 0.508381
0.835645 0.434625 0.486073 0.545601
0.941458 0.555409 0.739658 0.389402
0.588550 0.480361 0.019906 0.803708
0.812381 0.550606 0.311090 0.945484
0.906792 0.286960 0.552149 0.345083
0.767336 0.507293 0.061961 0.852369
0.972427 0.945307 0.137520 0.674589
0.346192 0.638675 0.042246 0.360286
0.388413 0.529996 0.158215 0.009073
0.406078 0.282358 0.719590 0.799542
0.595848 0.479024 0.452416 0.364640
0.608560 0.634646 0.325671 0.685589
0.594652 0.988002 0.589289 0.780000
0.681865 0.868537 0.661177 0.224427
0.627617 0.145337 0.026863 0.202366
0.072385 0.659412 0.629687 0.031969
0.174677 0.042803 0.364114 0.020049
0.791806 0.363974 0.748598 0.545374
0.396850 0.101664 0.215497 0.872709
0.469905 0.421348 0.753618 0.486260
0.539724 0.211044 0.894116 0.917447
0.425242 0.170561 0.301074 0.464230
0.412707 0.821943 0.976075 0.022294
0.876908 0.953689 0.393702 0.922771
0.986847 0.725281 0.580688 0.515942
0.688356 0.417219 0.107885 0.576271
0.008882 0.364633 0.189289 0.395235
0.320252 0.714194 0.732594 0.627335
0.451730 0.703181 0.456668 0.621624
0.629999 0.568150 0.603215 0.002177
0.761413 0.925025 0.178040 0.208221
0.916700 0.655544 0.617930 0.491910
0.751639 0.668146 0.033503 0.405991
0.536004 0.617226 0.672604 0.982411
0.360108 0.615176 0.344399 0.987385
0.879204 0.092378 0.845109 0.645992
0.511280 0.863740 0.892605 0.922767
0.884543 0.020422 0.399363 0.432777
0.996915 0.079736 0.602882 0.747646
0.003980 0.038460 0.551662 0.749361
0.952654 0.451981 0.834540 0.790655
0.596732 0.912972 0.163158 0.657013
0.384823 0.109663 0.321711 0.502529
0.749452 0.346288 0.399615 0.565955
0.323036 0.506929 0.535375 0.486224
13.711126 0.761440 0.354844 16.576784
0.220784 0.323994 0.164972 0.529685
0.532898 0.977847 0.605932 0.356524
0.116593 0.005163 0.693400 0.716190
0.337131 0.931623 0.374810 0.847730
0.033157 0.134266 0.192536 0.688621
0.349823 0.696815 0.004496 0.762954
0.678605 0.340991 0.978436 0.018129
0.720264 0.286600 0.139404 0.183455
0.101897 0.170344 0.671929 0.475298
0.265136 0.116254 0.066943 0.847588
0.235094 0.817437 0.876890 0.212069
0.111185 0.945915 0.285683 0.191181
0.198003 0.127429 0.239854 0.366234
0.405849 0.081092 0.145066 0.347030
0.173098 0.515538 0.639057 0.858110
0.825523 0.324197 0.351887 0.101765
0.563647 0.404356 0.043592 0.890411
0.712192 0.287518 0.973921 0.119729
0.577397 0.586834 0.975386 0.870926
0.709212 0.425002 0.405492 0.218919
0.272500 0.784856 0.238599 0.218473
0.557634 0.904815 0.328233 0.062419
0.058390 0.242036 0.829599 0.047409
0.495416 0.999629 0.193551 0.387159
0.451444 0.012243 0.985551 0.900796
0.342343 0.421409 0.969554 0.091772
0.731012 0.799711 0.922576 0.401857
0.503931 0.581939 0.877484 0.000559
0.801054 0.831520 0.305360 0.625212
0.539709 0.550263 0.796206 0.424852
0.250296 0.080191 0.062993 0.893984
0.085616 0.109435 0.075112 0.167838
0.256152 0.423884 0.476800 0.195845
0.393375 0.287868 0.407009 0.454833
0.531658 0.290150 0.686606 0.702463
0.383239 0.345817 0.340246 0.582126
0.896797 0.565602 0.165157 0.559369
0.869601 0.416590 0.278079 0.146054
0.356531 0.660733 0.418031 0.689667
0.059230 0.769264 0.058258 0.643096
0.917881 0.218812 0.584329 0.610504
0.655704 0.784643 0.276527 0.155076
0.233258 0.928568 0.664374 0.123857
0.866738 0.998041 0.384386 0.596871
0.107189 0.297611 0.389416 0.947535
0.155620 0.408478 0.916187 0.586938
0.710392 0.240946 0.971668 0.073028
0.391272 0.550605 0.321201 0.038411
0.444943 0.490745 0.665425 0.583794
0.982341 0.814384 0.032693 0.265742
0.346954 0.937679 0.629611 0.479412
0.421578 0.996102 0.087442 0.374104
0.009879 0.105596 0.352783 0.403306
0.199263 0.722184 0.788882 0.245968
0.988236 0.513592 0.273686 0.159254
0.259565 0.044271 0.249443 0.497248
0.952128 0.052753 0.614915 0.618269
0.308199 0.489280 0.166115 0.715921
0.433129 0.912390 0.255419 0.792569
0.278804 0.726022 0.220676 0.956333
0.651177 0.667247 0.199433 0.182759
0.872564 0.965191 0.962847 0.721338
0.285048 0.455763 0.298653 0.855139
0.332728 0.303941 0.930157 0.787465
0.741933 0.682520 0.004675 0.024155
0.562198 0.803768 0.896567 0.128393
0.509565 0.843769 0.664189 0.306769
0.681183 0.908638 0.438616 0.684085
16.867148 0.521837 4.405225 10.957233
0.936938 0.411754 0.880807 0.960418
0.127484 0.779473 0.617236 0.170906
0.524671 0.050438 0.017555 0.268011
0.160249 0.170219 0.038685 0.011599
0.162617 0.212408 0.080559 0.890806
0.934081 0.865694 0.512667 0.640835
0.650563 0.845096 0.501806 0.120406
0.316090 0.814578 0.561686 0.195930
0.697767 0.671965 0.185103 0.024006
0.169488 0.019889 0.762894 0.421261
0.953538 0.202101 0.502934 0.768709
0.867475 0.338149 0.290509 0.921349
0.910366 0.231234 0.640655 0.771657
0.011305 0.537731 0.128972 0.582916
0.066704 0.166219 0.912750 0.617343
0.659232 0.952783 0.625102 0.349381
0.888114 0.171741 0.686540 0.736308
0.463418 0.343472 0.474169 0.925397
0.758137 0.871655 0.966738 0.177254
0.643651 0.683007 0.860445 0.937931
0.739068 0.044449 0.042620 0.386047
0.122391 0.756352 0.920626 0.120695
0.076616 0.887776 0.563471 0.698848
0.614386 0.740208 0.008430 0.682317
0.735901 0.075948 0.108005 0.780812
0.803618 0.932509 0.200209 0.404497
0.710251 0.563711 0.501836 0.449179
0.397516 0.657905 0.074441 0.644456
0.172678 0.157939 0.306220 0.810545
0.181457 0.511089 0.140196 0.437160
0.451065 0.988163 0.487828 0.895683
0.444692 0.797085 0.626425 0.517562
0.793885 0.271051 0.401416 0.907799
0.522500 0.935854 0.028538 0.794763
0.577458 0.736146 0.352240 0.052957
0.941181 0.181189 0.127803 0.348120
0.007647 0.464489 0.986914 0.255215
0.062137 0.140749 0.222502 0.394944
0.474812 0.244294 0.568074 0.897594
0.716894 0.461179 0.009079 0.638694
0.841190 0.360444 0.433271 0.601432
0.031701 0.611380 0.904438 0.419967
0.310698 0.627596 0.926064 0.469461
0.733629 0.920344 0.862877 0.653727
0.593936 0.258733 0.151004 0.039842
0.028224 0.065880 0.103286 0.525694
0.984731 0.998018 0.786232 0.997015
0.431172 0.741321 0.546322 0.280219
0.776302 0.862629 0.247562 0.081123
0.585437 0.949419 0.524660 0.426247
0.676654 0.456053 0.113875 0.235684
0.596671 0.170010 0.442058 0.585506
0.525818 0.121747 0.929830 0.049982
0.749336 0.577691 0.823116 0.962470
0.271808 0.766624 0.500142 0.660927
0.598286 0.819903 0.057056 0.806509
0.499812 0.985455 0.997015 0.778299
0.217737 0.220909 0.546609 0.598973
0.028011 0.533179 0.153179 0.651427
0.453884 0.808946 0.304427 0.508393
0.094260 0.353192 0.426259 0.391929
0.391514 0.444874 0.277309 0.090694
0.373716 0.568838 0.930251 0.266990
0.581665 0.591378 0.738686 0.269529
0.856466 0.945958 0.089348 0.279142
0.870888 0.215637 0.719484 0.870516
0.445923 0.866041 0.236232 0.199656
0.786304 0.087329 0.416702 0.959065
0.462489 0.630332 0.001769 0.224588
0.684101 0.267503 0.480240 0.775245
0.462320 0.628916 0.373186 1.283285
