0.111702
0.078368
0.084314
0.069310
0.092525
0.080116
0.093566
0.062089
0.078937
0.102497
0.084044
0.110851
0.119298
0.087644
0.112835
0.081683
0.100027
0.087080
0.109567
0.118061
0.125961
0.090936
0.067886
0.088217
0.081551
0.125686
0.111736
0.118418
0.125471
0.094860
0.086380
0.095313
0.131866
0.072384
0.099389
0.092663
0.079582
0.113195
0.119688
0.112441
0.094764
0.105011
0.073169
0.074206
0.082612
0.118550
0.129966
0.091098
0.111787
0.118982
0.083162
0.101319
0.100241
0.083545
0.119408
0.110099
0.086128
0.087230
0.132464
0.095398
0.115290
0.109556
0.108303
0.109634
0.111659
0.092314
0.132905
0.112933
0.084055
0.109020
0.081784
0.102352
0.135802
0.035630
0.098434
0.067639
0.101953
0.120108
0.077390
0.074925
0.117991
0.098664
0.105769
0.095132
0.070825
0.089880
0.094767
0.085608
0.089797
0.102955
0.094628
0.121737
0.107766
0.094447
0.108108
0.092337
0.084721
0.080039
0.079682
0.049556
0.100098
0.111378
0.089966
0.096760
0.078930
0.125946
0.121323
0.089823
0.130161
0.082666
0.092709
0.098405
0.130392
0.117161
0.125942
0.113740
0.110399
0.075863
0.104257
0.089538
0.110596
0.121768
0.103689
0.108155
0.116756
0.084308
0.121228
0.115835
