0.100000
0.100000
0.098951
0.105685
0.100000
0.060263
0.076939
0.052780
0.125510
0.090555
0.198077
0.083002
0.024160
0.150751
0.043918
0.104396
0.059537
0.130301
0.094257
0.100000
-0.019205
0.006021
0.100000
0.100000
0.036408
0.010338
0.113072
0.083126
0.101833
0.062030
0.100000
0.089779
0.058615
-0.000681
-0.033019
0.072267
0.131352
0.064016
0.125933
0.206687
0.017956
0.135062
0.100000
0.100000
0.100000
0.100000
0.004791
0.175373
0.100000
0.100000
0.166391
0.154615
0.090489
0.111609
-0.036872
0.156837
0.186237
0.104222
0.124526
0.100000
0.100000
0.084040
0.047778
0.097560
0.100000
0.070590
0.103534
0.001875
0.076466
0.089322
0.108095
0.068406
0.099906
0.043331
0.100000
0.100000
0.027320
0.066732
0.140862
0.116568
0.100000
-0.004940
0.119923
0.100000
-0.003979
0.104291
-0.014849
0.100000
0.189629
-0.045617
0.008920
0.100000
0.121356
0.138737
0.083234
0.100000
0.140140
0.054604
0.119627
0.085449
0.050048
0.064980
0.016187
0.100000
0.067351
0.047639
0.071818
0.016488
0.105907
0.068192
0.100000
0.024457
-0.010991
0.122418
0.100000
0.001058
0.053202
0.073971
0.112739
0.021846
0.106412
0.112841
0.038996
-0.065050
0.123484
0.100000
0.048299
0.037735
