0.103652
0.096030
0.094654
0.080961
0.090237
0.100808
0.093351
0.082720
0.096599
0.104054
0.096104
0.112534
0.120202
0.091379
0.116005
0.085423
0.106013
0.091953
0.101881
0.116251
0.111326
0.086168
0.080228
0.100874
0.092467
0.112760
0.109239
0.114997
0.115693
0.092076
0.093725
0.094687
0.112375
0.081632
0.093296
0.092414
0.090254
0.105942
0.110295
0.099474
0.099527
0.101356
0.083222
0.084473
0.091513
0.114045
0.111877
0.097337
0.097385
0.108345
0.085060
0.107156
0.108971
0.088649
0.107148
0.109794
0.089890
0.091292
0.113589
0.092862
0.103701
0.110306
0.109789
0.115258
0.105382
0.099860
0.122388
0.103225
0.103556
0.099824
0.100598
0.107259
0.113178
0.063434
0.096323
0.080147
0.105572
0.105621
0.087769
0.084429
0.106356
0.110261
0.102953
0.098736
0.084261
0.091344
0.100810
0.087335
0.091233
0.105144
0.109032
0.110597
0.104040
0.104095
0.110203
0.105859
0.084368
0.089239
0.086430
0.072369
0.098714
0.113677
0.096097
0.092131
0.091428
0.110416
0.105785
0.088071
0.124869
0.082181
0.103479
0.105022
0.114641
0.106522
0.115614
0.108595
0.097174
0.094368
0.102853
0.097933
0.107689
0.112041
0.097810
0.097999
0.119127
0.087783
0.110442
0.105941
