0.288280
-0.067848
0.160790
0.206012
0.283784
0.113335
0.072698
-0.103941
0.036600
0.099637
0.041319
0.156757
0.248885
0.016076
0.192455
0.215189
0.003164
0.078409
-0.021571
0.314844
0.145038
0.241050
0.094938
0.072557
0.145151
0.166409
0.044392
0.148497
0.145258
0.180295
0.050443
-0.039973
0.161703
0.215489
0.046300
0.123438
-0.070438
0.295690
0.170765
0.293856
0.135323
0.150906
-0.086836
0.186048
-0.009981
0.066373
-0.078452
0.002383
0.212669
0.067914
0.065862
0.274731
0.136725
0.022451
0.213185
0.162790
0.150179
-0.083197
-0.050680
0.157773
0.262399
0.017127
-0.071957
-0.016480
0.165716
0.180511
0.065266
-0.189148
0.039583
0.014200
0.067838
0.155219
0.104109
-0.038761
-0.003640
0.136159
0.070332
0.124518
0.148926
0.125641
0.135837
0.032358
0.214082
0.132215
0.107519
0.119025
0.137417
0.101198
-0.007444
0.084306
0.196614
-0.013967
0.102372
0.066205
0.169131
0.075270
0.005064
0.045971
0.073476
0.106043
