0.174170
0.090227
0.180312
0.077986
0.110422
0.168160
0.062069
-0.032465
0.087143
0.123786
0.133304
0.058865
0.143825
0.109713
0.076735
0.059546
0.010035
0.048543
-0.005330
0.214407
0.234365
0.121579
0.114257
0.060527
0.166505
0.094600
0.071624
0.158227
0.217102
0.128998
0.083170
0.017372
0.133007
0.133881
0.049750
0.108860
0.077402
0.109103
0.136303
0.225112
0.129177
0.126259
-0.062055
0.128257
0.067102
0.091495
0.011235
0.080053
0.105477
0.079558
0.077148
0.135890
0.146978
0.072668
0.080271
0.111959
0.108757
0.062711
0.108873
0.100000
0.142181
0.152062
0.062147
0.107079
0.031584
0.093766
0.149332
-0.045777
0.104028
0.105578
0.029469
0.045668
0.120108
0.060109
0.089814
0.074761
0.032115
0.130193
0.163025
0.187477
0.129464
0.013884
0.192575
0.138021
0.056658
0.134454
0.032582
0.102469
0.114520
0.071076
0.175137
0.070943
0.055924
0.088087
0.070928
0.052660
0.025467
0.070190
-0.022105
0.097507
