0.100000
0.100000
0.097413
0.089406
0.100000
0.066626
0.073496
0.049424
0.119725
0.081459
0.196250
0.083002
0.033448
0.151385
0.043918
0.103476
0.059338
0.126443
0.080094
0.100000
-0.025514
0.004433
0.100000
0.100000
0.040756
-0.004455
0.116662
0.079623
0.091120
0.059465
0.100000
0.089779
0.057169
-0.004414
-0.045903
0.074766
0.121615
0.056543
0.122100
0.182362
0.005634
0.131212
0.100000
0.100000
0.100000
0.100000
0.009400
0.170056
0.100000
0.100000
0.160667
0.148062
0.119835
0.095597
-0.070470
0.149028
0.193233
0.102737
0.122898
0.100000
0.100000
0.084040
0.049341
0.095475
0.100000
0.043986
0.106285
0.001875
0.076466
0.084931
0.100185
0.070885
0.096871
0.037296
0.100000
0.100000
0.032193
0.066923
0.143540
0.118711
0.100000
-0.004940
0.085457
0.100000
-0.007344
0.100921
-0.023322
0.100000
0.184650
-0.055546
0.007093
0.100000
0.115454
0.141860
0.093711
0.100000
0.139608
0.064291
0.118149
0.075712
0.048099
0.043914
0.023251
0.100000
0.062385
0.044644
0.071818
0.017519
0.109196
0.063023
0.100000
0.025595
-0.013705
0.119864
0.100000
-0.004884
0.044826
0.078074
0.112640
0.017036
0.097665
0.103692
0.035392
-0.089910
0.119321
0.100000
0.035683
0.021071
