0.100000
0.100000
0.090463
0.120918
0.100000
0.089720
0.112032
0.011154
0.185068
0.108766
0.085778
0.094067
0.046632
0.188921
0.084569
0.067930
0.090295
0.126564
0.086020
0.100000
0.049367
0.019750
0.100000
0.100000
0.065286
0.101706
0.191165
0.061273
0.102796
0.125334
0.100000
0.115393
0.143801
0.045309
0.003140
0.070370
0.138430
0.117547
0.069027
0.121560
0.036922
0.144644
0.100000
0.100000
0.100000
0.100000
0.025707
0.187937
0.100000
0.100000
0.173780
0.144667
0.100387
0.078388
0.020385
0.154633
0.075302
0.118610
0.141455
0.100000
0.100000
0.115540
0.053406
0.127575
0.100000
0.085126
0.096978
0.059892
0.097053
0.159370
0.083421
0.078072
0.146389
0.068013
0.100000
0.100000
0.075015
0.101788
0.204090
0.136718
0.100000
-0.001981
0.122016
0.100000
0.030740
0.073461
0.024263
0.100000
0.196285
0.003312
0.026075
0.100000
0.097169
0.117206
0.074094
0.100000
0.127205
0.088144
0.128119
0.067763
0.027411
0.069044
0.154265
0.100000
0.191704
0.041364
0.117437
0.042718
0.126769
0.081184
0.100000
0.061231
-0.009863
0.118386
0.100000
0.049942
0.071562
-0.038903
0.087660
0.061682
0.083148
0.097004
0.096560
0.024602
0.168994
0.100000
0.078887
0.047705
