0.100000
0.085322
0.083001
0.093632
0.057050
0.064729
0.100000
0.083646
0.100000
0.112966
0.083527
0.091241
0.068186
0.092560
0.086936
0.100000
0.100000
0.090396
0.100000
0.100000
0.077931
0.099264
0.069206
0.079280
0.100000
0.050180
0.081540
0.084240
0.083403
0.096194
0.104655
0.100000
0.035914
0.145133
0.048020
0.100000
0.100000
0.093891
0.081458
0.088476
0.100000
0.094727
0.073521
0.083423
0.080927
0.058181
0.119597
0.101550
0.094469
0.078137
0.066430
0.100000
0.097320
0.075157
0.106153
0.065567
0.078217
0.120258
0.100000
0.100000
0.100000
0.100000
0.108297
0.100000
0.100000
0.086465
0.124145
0.100000
0.098893
0.117277
0.075379
0.118003
0.135868
0.098482
0.100000
0.101759
0.100000
0.096736
0.100000
0.089672
0.062119
0.089192
0.114418
0.126442
0.091645
0.126948
0.094625
0.133140
0.117352
0.120369
0.137803
0.074756
0.115475
0.110345
0.131047
0.100000
0.100000
0.119341
0.100000
0.117621
0.084926
0.099169
0.091872
0.100000
0.060894
0.100000
0.079731
0.112941
0.109606
0.066930
0.076956
0.085837
0.070055
0.090667
0.061136
0.100000
0.101799
0.030996
0.090648
0.110973
0.100000
0.078667
0.100000
0.093680
0.110468
0.127211
0.062842
0.101455
0.100000
0.119563
0.096524
0.100000
0.147493
0.100000
0.123587
0.100000
0.093877
0.055647
0.089490
0.085103
0.100000
0.096197
0.099808
0.099526
0.090441
0.084370
0.100000
0.100000
0.082903
0.081774
0.114655
0.133880
0.084151
0.100000
0.100000
0.120602
0.084028
0.117805
0.100000
0.082019
0.092796
0.081396
0.084946
0.083298
0.100000
0.061403
0.076248
0.100000
0.068557
0.067070
0.139929
0.097668
0.106590
0.100000
0.074407
0.110244
0.100000
0.099505
0.100000
0.083449
0.100000
0.100000
0.065116
0.119112
0.100000
0.133967
0.120589
0.137330
0.147718
0.100000
0.085449
0.072223
0.116344
0.061685
0.059946
0.069607
0.094120
0.075542
0.086939
0.102466
0.133100
0.100000
0.100000
0.064340
0.100000
0.122472
0.100000
0.105076
0.074386
0.100000
0.070177
0.134367
0.064618
0.104112
0.090566
0.103872
0.100000
0.100000
0.135487
0.077196
0.079050
0.108968
0.100000
0.100000
0.082213
0.100924
0.064219
0.082029
0.098470
0.098570
0.100000
0.100000
0.068746
0.064055
0.097555
0.063807
0.058608
0.077915
0.100000
0.100000
0.068917
0.117553
0.100000
0.099716
0.100000
0.048904
0.111258
0.036500
0.099149
0.101470
0.102927
0.065577
0.092057
0.142632
0.063755
0.054693
