0.104955
0.103852
0.100714
0.102828
0.100232
0.097512
0.100216
0.099083
0.099345
0.095937
0.102611
0.101646
0.103199
0.101910
0.099129
0.097527
0.098347
0.102675
0.104283
0.102360
0.100878
0.095281
0.098159
0.100203
0.096759
0.106622
0.098691
0.101045
0.099588
0.101315
0.096154
0.098825
0.103611
0.098662
0.103562
0.098479
0.103413
0.102107
0.097107
0.102125
0.102775
0.104803
0.102016
0.100231
0.098215
0.099035
0.101065
0.103836
0.100444
0.093714
0.100866
0.101324
0.102486
0.099731
0.103365
0.102784
0.101905
0.104062
0.106327
0.095690
0.096494
0.099712
0.099686
0.099532
0.101313
0.101386
0.103872
0.098457
0.099662
0.101471
0.097536
0.100617
0.098355
0.094725
0.104851
0.097045
0.098217
0.103835
0.095951
0.102271
0.102757
0.098079
0.099793
0.098070
0.100577
0.096879
0.101677
0.102531
0.099751
0.094672
0.092418
0.101594
0.098549
0.094251
0.102200
0.097808
0.099714
0.100348
0.101426
0.099709
0.096713
0.100779
0.105256
0.095133
0.099942
0.106398
0.099148
0.101275
0.102454
0.098689
0.102252
0.102567
0.102135
0.101724
0.098973
0.097620
0.098527
0.094221
0.094747
0.102782
0.105343
0.098436
0.098908
0.099727
0.101268
0.097934
0.097853
0.098308
